1.5 -919.911464547
1.565 -920.02310175
1.63 -920.107428777
1.695 -920.170713696
1.76 -920.217766409
1.825 -920.252278087
1.89 -920.277083955
1.955 -920.29436725
2.02 -920.305815764
2.085 -920.312742752
2.15 -920.316176148
2.215 -920.31692682
2.28 -920.315637814
2.345 -920.312821356
2.41 -920.308886185
2.475 -920.304158528
2.54 -920.298898188
2.605 -920.293310831
2.67 -920.287558161
2.735 -920.281765936
2.8 -920.276030551
2.865 -920.270424908
2.93 -920.265002688
2.995 -920.25980204
3.06 -920.25484831
3.125 -920.25015701
3.19 -920.245735782
3.255 -920.241586054
3.32 -920.237704754
3.385 -920.234085201
3.45 -920.230718175
3.515 -920.227592877
3.58 -920.22469747
3.645 -920.222019301
3.71 -920.219545655
3.775 -920.217263896
3.84 -920.215161421
3.905 -920.213226093
3.97 -920.211446335
4.035 -920.209810874
4.1 -920.208309078
4.165 -920.206930863
4.23 -920.205666663
4.295 -920.204507433
4.36 -920.203444709
4.425 -920.202470605
4.49 -920.201577676
4.555 -920.200758987
4.62 -920.200008174
4.685 -920.199319361
4.75 -920.198686972
4.815 -920.198106011
4.88 -920.197571906
4.945 -920.197080388
5.01 -920.196627497
5.075 -920.196209875
5.14 -920.195824286
5.205 -920.195467832
5.27 -920.195137746
5.335 -920.194831816
5.4 -920.19454787
5.465 -920.194283854
5.53 -920.194038056
5.595 -920.193808888
5.66 -920.193594966
5.725 -920.193394789
5.79 -920.19320725
5.855 -920.193031263
5.92 -920.192865838
5.985 -920.192709993
6.05 -920.192562833
6.115 -920.192423797
6.18 -920.192292059
6.245 -920.192166983
6.31 -920.192047989
6.375 -920.191934558
6.44 -920.191826257
6.505 -920.19172258
6.57 -920.191623137
6.635 -920.191527586
6.7 -920.191435609
6.765 -920.191346931
6.83 -920.191261186
6.895 -920.191178249
6.96 -920.191097859
7.025 -920.191019826
7.09 -920.190943983
7.155 -920.190870146
7.22 -920.190798196
7.285 -920.190728036
7.35 -920.190659491
7.415 -920.190592498
7.48 -920.190526975
7.545 -920.190462831
7.61 -920.190400011
7.675 -920.190320083
7.74 -920.190261224
7.805 -920.190203395
7.87 -920.190146547
7.935 -920.190090646
