0.0 -79.8082099606
2.0 -79.8082225718
4.0 -79.8082601618
6.0 -79.8083220527
8.0 -79.8084074372
10.0 -79.8085153014
12.0 -79.8086444505
14.0 -79.8087934236
16.0 -79.8089605264
18.0 -79.8091439225
20.0 -79.8093416612
22.0 -79.8095516291
24.0 -79.8097715107
26.0 -79.8099988018
28.0 -79.8102309045
30.0 -79.8104652334
32.0 -79.8106992628
34.0 -79.8109304986
36.0 -79.8111564728
38.0 -79.8113747395
40.0 -79.8115828852
42.0 -79.8117785831
44.0 -79.8119596434
46.0 -79.8121240705
48.0 -79.812270099
50.0 -79.8123962566
52.0 -79.8125013441
54.0 -79.812584403
56.0 -79.8126445614
58.0 -79.812681041
60.0 -79.8126932697
62.0 -79.8126810404
64.0 -79.8126445609
66.0 -79.8125844016
68.0 -79.8125013419
70.0 -79.8123962542
72.0 -79.8122700965
74.0 -79.8121240677
76.0 -79.8119596402
78.0 -79.8117785797
80.0 -79.8115828817
82.0 -79.8113747361
84.0 -79.8111564691
86.0 -79.8109304946
88.0 -79.8106992586
90.0 -79.8104652291
92.0 -79.8102309003
94.0 -79.8099987977
96.0 -79.8097715065
98.0 -79.8095516252
100.0 -79.8093416574
102.0 -79.809143919
104.0 -79.8089605229
106.0 -79.8087934204
108.0 -79.8086444479
110.0 -79.8085152991
112.0 -79.8084074354
114.0 -79.8083220511
116.0 -79.808260161
118.0 -79.8082225713
120.0 -79.8082099556
122.0 -79.8082225718
124.0 -79.8082601618
126.0 -79.8083220527
128.0 -79.8084074372
130.0 -79.8085153014
132.0 -79.8086444505
134.0 -79.8087934236
136.0 -79.8089605264
138.0 -79.8091439225
140.0 -79.8093416612
142.0 -79.8095516291
144.0 -79.8097715108
146.0 -79.8099988018
148.0 -79.8102309045
150.0 -79.8104652335
152.0 -79.8106992628
154.0 -79.8109304986
156.0 -79.8111564728
158.0 -79.8113747396
160.0 -79.8115828852
162.0 -79.8117785831
164.0 -79.8119596434
166.0 -79.8121240705
168.0 -79.812270099
170.0 -79.8123962566
172.0 -79.8125013442
174.0 -79.812584403
176.0 -79.8126445614
178.0 -79.812681041
180.0 -79.8126932697
182.0 -79.8126810404
184.0 -79.8126445609
186.0 -79.8125844016
188.0 -79.8125013419
190.0 -79.8123962542
192.0 -79.8122700965
194.0 -79.8121240676
196.0 -79.8119596402
198.0 -79.8117785797
200.0 -79.8115828817
202.0 -79.8113747361
204.0 -79.8111564691
206.0 -79.8109304946
208.0 -79.8106992586
210.0 -79.8104652291
212.0 -79.8102309004
214.0 -79.8099987977
216.0 -79.8097715065
218.0 -79.8095516251
220.0 -79.8093416574
222.0 -79.809143919
224.0 -79.8089605229
226.0 -79.8087934204
228.0 -79.8086444479
230.0 -79.8085152991
232.0 -79.8084074353
234.0 -79.8083220511
236.0 -79.808260161
238.0 -79.8082225713
240.0 -79.8082099556
242.0 -79.8082225718
244.0 -79.8082601618
246.0 -79.8083220527
248.0 -79.8084074372
250.0 -79.8085153014
252.0 -79.8086444505
254.0 -79.8087934236
256.0 -79.8089605264
258.0 -79.8091439225
260.0 -79.8093416612
262.0 -79.8095516291
264.0 -79.8097715108
266.0 -79.8099988018
268.0 -79.8102309045
270.0 -79.8104652335
272.0 -79.8106992628
274.0 -79.8109304986
276.0 -79.8111564728
278.0 -79.8113747396
280.0 -79.8115828852
282.0 -79.8117785831
284.0 -79.8119596433
286.0 -79.8121240705
288.0 -79.812270099
290.0 -79.8123962566
292.0 -79.8125013442
294.0 -79.812584403
296.0 -79.8126445614
298.0 -79.812681041
300.0 -79.8126932698
302.0 -79.8126810404
304.0 -79.8126445609
306.0 -79.8125844016
308.0 -79.8125013419
310.0 -79.8123962542
312.0 -79.8122700965
314.0 -79.8121240677
316.0 -79.8119596402
318.0 -79.8117785797
320.0 -79.8115828817
322.0 -79.8113747361
324.0 -79.8111564691
326.0 -79.8109304945
328.0 -79.8106992586
330.0 -79.8104652291
332.0 -79.8102309004
334.0 -79.8099987977
336.0 -79.8097715065
338.0 -79.8095516252
340.0 -79.8093416574
342.0 -79.809143919
344.0 -79.8089605229
346.0 -79.8087934204
348.0 -79.8086444479
350.0 -79.8085152991
352.0 -79.8084074353
354.0 -79.8083220511
356.0 -79.808260161
358.0 -79.8082225713
