0.0 -78.5719220679
2.0 -78.5718400722
4.0 -78.571594092
6.0 -78.5711841615
8.0 -78.570610339
10.0 -78.5698727041
12.0 -78.5689713823
14.0 -78.5679064822
16.0 -78.5666781648
18.0 -78.5652866188
20.0 -78.5637320406
22.0 -78.5620146571
24.0 -78.5601347313
26.0 -78.5580925306
28.0 -78.5558883693
30.0 -78.5535225921
32.0 -78.5509955758
34.0 -78.5483077344
36.0 -78.5454595391
38.0 -78.542451484
40.0 -78.5392841251
42.0 -78.5359580571
44.0 -78.5324739449
46.0 -78.5288324648
48.0 -78.5250343651
50.0 -78.5210804487
52.0 -78.5169715608
54.0 -78.5127086163
56.0 -78.5082925852
58.0 -78.5037245095
60.0 -78.4990055142
62.0 -78.494136752
64.0 -78.4891195014
66.0 -78.4839551144
68.0 -78.4786450168
70.0 -78.47319078
72.0 -78.4675939745
74.0 -78.4618563832
76.0 -78.455979796
78.0 -78.4499661632
80.0 -78.4438175413
82.0 -78.4375337219
84.0 -78.4311218455
86.0 -78.424581945
88.0 -78.4179166149
90.0 -78.4111291001
92.0 -78.4179166148
94.0 -78.4245819454
96.0 -78.4311218454
98.0 -78.4375337212
100.0 -78.4438175412
102.0 -78.449966163
104.0 -78.4559797957
106.0 -78.4618563805
108.0 -78.4675939819
110.0 -78.4731907773
112.0 -78.4786450269
114.0 -78.4839551146
116.0 -78.4891195008
118.0 -78.494136752
120.0 -78.4990055139
122.0 -78.5037245094
124.0 -78.508292585
126.0 -78.5127086161
128.0 -78.5169715608
130.0 -78.5210804484
132.0 -78.5250343652
134.0 -78.5288324645
136.0 -78.5324739453
138.0 -78.5359580634
140.0 -78.5392841229
142.0 -78.5424514811
144.0 -78.5454595396
146.0 -78.5483077391
148.0 -78.5509955764
150.0 -78.5535225902
152.0 -78.5558883665
154.0 -78.5580925305
156.0 -78.5601347343
158.0 -78.5620146683
160.0 -78.5637320504
162.0 -78.5652866213
164.0 -78.5666781614
166.0 -78.5679064815
168.0 -78.56897138
170.0 -78.5698727043
172.0 -78.5706103346
174.0 -78.5711841559
176.0 -78.5715940845
178.0 -78.5718400636
180.0 -78.571922067
182.0 -78.5718400697
184.0 -78.571594089
186.0 -78.5711841624
188.0 -78.5706103405
190.0 -78.569872705
192.0 -78.5689713817
194.0 -78.5679064825
196.0 -78.5666781646
198.0 -78.5652866189
200.0 -78.5637320406
202.0 -78.5620146571
204.0 -78.5601347313
206.0 -78.5580925306
208.0 -78.5558883693
210.0 -78.5535225921
212.0 -78.5509955758
214.0 -78.5483077344
216.0 -78.5454595391
218.0 -78.542451484
220.0 -78.5392841251
222.0 -78.5359580571
224.0 -78.5324739449
226.0 -78.5288324648
228.0 -78.5250343651
230.0 -78.5210804487
232.0 -78.5169715608
234.0 -78.5127086163
236.0 -78.5082925852
238.0 -78.5037245095
240.0 -78.4990055141
242.0 -78.4941367519
244.0 -78.4891195014
246.0 -78.4839551144
248.0 -78.4786450168
250.0 -78.47319078
252.0 -78.4675939745
254.0 -78.4618563832
256.0 -78.455979796
258.0 -78.4499661632
260.0 -78.4438175413
262.0 -78.4375337219
264.0 -78.4311218454
266.0 -78.424581945
268.0 -78.4179166149
270.0 -78.4111291001
272.0 -78.4179166148
274.0 -78.4245819454
276.0 -78.4311218454
278.0 -78.4375337212
280.0 -78.4438175412
282.0 -78.449966163
284.0 -78.4559797957
286.0 -78.4618563805
288.0 -78.4675939819
290.0 -78.4731907773
292.0 -78.4786450269
294.0 -78.4839551146
296.0 -78.4891195008
298.0 -78.494136752
300.0 -78.4990055139
302.0 -78.5037245094
304.0 -78.508292585
306.0 -78.5127086161
308.0 -78.5169715608
310.0 -78.5210804484
312.0 -78.5250343652
314.0 -78.5288324645
316.0 -78.5324739453
318.0 -78.5359580634
320.0 -78.5392841229
322.0 -78.5424514811
324.0 -78.5454595396
326.0 -78.5483077391
328.0 -78.5509955764
330.0 -78.5535225902
332.0 -78.5558883665
334.0 -78.5580925305
336.0 -78.5601347343
338.0 -78.5620146683
340.0 -78.5637320504
342.0 -78.5652866213
344.0 -78.5666781614
346.0 -78.5679064815
348.0 -78.56897138
350.0 -78.5698727043
352.0 -78.5706103346
354.0 -78.5711841559
356.0 -78.5715940845
358.0 -78.5718400636
